1692,1906,1500
1693,1909,1500
1694,1912,1500
1695,1915,1500
1695,1918,1500
1696,1921,1500
1697,1924,1500
1698,1927,1500
1699,1930,1500
1700,1933,1500
1701,1936,1500
1701,1940,1500
1702,1943,1500
1703,1946,1500
1704,1949,1500
1705,1953,1500
1705,1956,1500
1706,1959,1500
1707,1963,1500
1708,1966,1500
1708,1970,1500
1709,1973,1500
1710,1977,1500
1711,1980,1500
1711,1984,1500
1712,1988,1500
1713,1992,1500
1713,1995,1500
1714,1999,1500
1715,2003,1500
1716,2007,1500
1716,2011,1500
1717,2015,1500
1717,2020,1500
1718,2024,1500
1719,2028,1500
1719,2033,1500
1720,2037,1500
1721,2042,1500
1721,2047,1500
1722,2052,1500
1722,2057,1500
1723,2062,1500
1723,2068,1500
1724,2074,1500
1725,2080,1500
1725,2086,1500
1726,2093,1500
1726,2101,1500
1727,2109,1500
1727,2118,1500
1729,2111,1500
1731,2104,1500
1733,2098,1500
1735,2093,1500
1737,2088,1500
1739,2084,1500
1740,2079,1500
1742,2075,1500
1744,2072,1500
1746,2068,1500
1748,2064,1500
1750,2061,1500
1752,2058,1500
1754,2055,1500
1755,2052,1500
1757,2049,1500
1759,2046,1500
1761,2044,1500
1763,2041,1500
1765,2039,1500
1766,2036,1500
1768,2034,1500
1770,2032,1500
1772,2029,1500
1774,2027,1500
1775,2025,1500
1777,2023,1500
1779,2021,1500
1781,2019,1500
1783,2017,1500
1784,2015,1500
1786,2013,1500
1788,2011,1500
1790,2009,1500
1792,2008,1500
1793,2006,1500
1795,2004,1500
1797,2002,1500
1799,2001,1500
1800,1999,1500
1802,1998,1500
1804,1996,1500
1806,1994,1500
1807,1993,1500
1809,1991,1500
1811,1990,1500
1813,1988,1500
1814,1987,1500
1816,1986,1500
1818,1984,1500
1817,1981,1500
1817,1978,1500
1816,1975,1500
1815,1972,1500
1815,1969,1500
1814,1966,1500
1813,1963,1500
1813,1960,1500
1812,1957,1500
1811,1954,1500
1810,1951,1500
1810,1948,1500
1809,1945,1500
1808,1942,1500
1807,1939,1500
1807,1937,1500
1806,1934,1500
1805,1931,1500
1804,1928,1500
1804,1925,1500
1803,1923,1500
1802,1920,1500
1801,1917,1500
1800,1914,1500
1800,1912,1500
1799,1909,1500
1798,1906,1500
1797,1903,1500
1796,1901,1500
1795,1898,1500
1794,1895,1500
1794,1893,1500
1793,1890,1500
1792,1887,1500
1791,1885,1500
1790,1882,1500
1789,1880,1500
1788,1877,1500
1787,1874,1500
1786,1872,1500
1785,1869,1500
1784,1867,1500
1783,1864,1500
1782,1862,1500
1781,1859,1500
1780,1857,1500
1779,1854,1500
1778,1851,1500
1777,1849,1500
1776,1846,1500
1778,1846,1500
1779,1845,1500
1780,1844,1500
1781,1844,1500
1782,1843,1500
1783,1842,1500
1785,1842,1500
1786,1841,1500
1787,1840,1500
1788,1840,1500
1789,1839,1500
1791,1838,1500
1792,1838,1500
1793,1837,1500
1794,1836,1500
1795,1836,1500
1796,1835,1500
1797,1834,1500
1799,1834,1500
1800,1833,1500
1801,1833,1500
1802,1832,1500
1803,1831,1500
1804,1831,1500
1806,1830,1500
1807,1830,1500
1808,1829,1500
1809,1828,1500
1810,1828,1500
1811,1827,1500
1812,1827,1500
1814,1826,1500
1815,1826,1500
1816,1825,1500
1817,1825,1500
1818,1824,1500
1819,1823,1500
1820,1823,1500
1822,1822,1500
1823,1822,1500
1824,1821,1500
1825,1821,1500
1826,1820,1500
1827,1820,1500
1828,1819,1500
1830,1819,1500
1831,1818,1500
1832,1818,1500
1833,1817,1500
1834,1817,1500
1835,1819,1500
1836,1822,1500
1838,1824,1500
1839,1826,1500
1840,1829,1500
1841,1831,1500
1842,1834,1500
1843,1836,1500
1844,1839,1500
1845,1841,1500
1846,1844,1500
1847,1846,1500
1848,1848,1500
1849,1851,1500
1850,1853,1500
1851,1856,1500
1852,1858,1500
1853,1861,1500
1854,1863,1500
1855,1866,1500
1856,1868,1500
1857,1871,1500
1858,1873,1500
1859,1876,1500
1860,1878,1500
1861,1881,1500
1862,1884,1500
1863,1886,1500
1863,1889,1500
1864,1891,1500
1865,1894,1500
1866,1896,1500
1867,1899,1500
1868,1902,1500
1869,1904,1500
1870,1907,1500
1870,1909,1500
1871,1912,1500
1872,1915,1500
1873,1917,1500
1874,1920,1500
1874,1923,1500
1875,1925,1500
1876,1928,1500
1877,1931,1500
1878,1933,1500
1878,1936,1500
1879,1939,1500
1880,1942,1500
1881,1944,1500
1876,1942,1500
1872,1939,1500
1868,1936,1500
1864,1933,1500
1860,1931,1500
1856,1928,1500
1852,1925,1500
1848,1923,1500
1844,1920,1500
1840,1918,1500
1836,1915,1500
1831,1912,1500
1827,1910,1500
1823,1908,1500
1819,1905,1500
1815,1903,1500
1811,1900,1500
1806,1898,1500
1802,1896,1500
1798,1893,1500
1794,1891,1500
1790,1889,1500
1785,1886,1500
1781,1884,1500
1777,1882,1500
1773,1880,1500
1768,1878,1500
1764,1876,1500
1760,1874,1500
1755,1871,1500
1751,1869,1500
1747,1867,1500
1742,1865,1500
1738,1864,1500
1734,1862,1500
1729,1860,1500
1725,1858,1500
1721,1856,1500
1716,1854,1500
1712,1853,1500
1707,1851,1500
1703,1849,1500
1698,1847,1500
1694,1846,1500
1690,1844,1500
1685,1843,1500
1681,1841,1500
1676,1840,1500
1672,1838,1500
1667,1837,1000
1670,1834,1000
1673,1832,1000
1676,1829,1000
1679,1827,1000
1682,1824,1000
1685,1822,1000
1688,1820,1000
1690,1818,1000
1693,1815,1000
1696,1813,1000
1699,1811,1000
1702,1809,1000
1705,1807,1000
1708,1805,1000
1710,1803,1000
1713,1801,1000
1716,1799,1000
1719,1797,1000
1721,1796,1000
1724,1794,1000
1727,1792,1000
1730,1790,1000
1732,1789,1000
1735,1787,1000
1738,1785,1000
1741,1783,1000
1743,1782,1000
1746,1780,1000
1749,1779,1000
1751,1777,1000
1754,1776,1000
1757,1774,1000
1759,1773,1000
1762,1771,1000
1765,1770,1000
1767,1768,1000
1770,1767,1000
1773,1766,1000
1775,1764,1000
1778,1763,1000
1781,1762,1000
1783,1760,1000
1786,1759,1000
1788,1758,1000
1791,1757,1000
1794,1755,1000
1796,1754,1000
1799,1753,1000
1801,1752,1000
1804,1751,1500
1800,1750,1500
1797,1749,1500
1793,1748,1500
1790,1747,1500
1786,1746,1500
1783,1746,1500
1779,1745,1500
1776,1744,1500
1772,1743,1500
1769,1743,1500
1765,1742,1500
1762,1741,1500
1758,1741,1500
1755,1740,1500
1751,1739,1500
1748,1739,1500
1744,1738,1500
1741,1737,1500
1737,1737,1500
1734,1736,1500
1730,1736,1500
1727,1735,1500
1723,1735,1500
1720,1734,1500
1716,1734,1500
1713,1733,1500
1709,1733,1500
1706,1733,1500
1702,1732,1500
1699,1732,1500
1695,1732,1500
1692,1731,1500
1688,1731,1500
1685,1731,1500
1681,1731,1500
1678,1730,1500
1674,1730,1500
1671,1730,1500
1667,1730,1500
1664,1730,1500
1660,1730,1500
1656,1729,1500
1653,1729,1500
1649,1729,1500
1646,1729,1500
1642,1729,1500
1639,1729,1500
1635,1729,1500
1631,1729,1500
1628,1730,1000
1630,1730,1000
1633,1731,1000
1635,1732,1000
1637,1733,1000
1640,1734,1000
1642,1735,1000
1645,1736,1000
1647,1736,1000
1650,1737,1000
1652,1738,1000
1654,1739,1000
1657,1740,1000
1659,1741,1000
1661,1742,1000
1664,1743,1000
1666,1744,1000
1669,1745,1000
1671,1746,1000
1673,1747,1000
1676,1748,1000
1678,1749,1000
1680,1750,1000
1683,1751,1000
1685,1752,1000
1688,1753,1000
1690,1754,1000
1692,1755,1000
1695,1756,1000
1697,1757,1000
1699,1758,1000
1702,1759,1000
1704,1760,1000
1706,1761,1000
1709,1762,1000
1711,1763,1000
1713,1764,1000
1716,1765,1000
1718,1766,1000
1721,1767,1000
1723,1769,1000
1725,1770,1000
1728,1771,1000
1730,1772,1000
1732,1773,1000
1735,1774,1000
1737,1775,1000
1739,1777,1000
1741,1778,1000
1744,1779,1000
1746,1780,1500
1746,1778,1500
1746,1775,1500
1747,1772,1500
1747,1770,1500
1747,1767,1500
1747,1764,1500
1747,1762,1500
1747,1759,1500
1747,1757,1500
1747,1754,1500
1747,1751,1500
1748,1749,1500
1748,1746,1500
1748,1744,1500
1748,1741,1500
1748,1739,1500
1748,1736,1500
1748,1734,1500
1748,1731,1500
1748,1729,1500
1748,1726,1500
1748,1724,1500
1748,1721,1500
1748,1719,1500
1748,1716,1500
1747,1714,1500
1747,1711,1500
1747,1709,1500
1747,1706,1500
1747,1704,1500
1747,1702,1500
1747,1699,1500
1747,1697,1500
1747,1694,1500
1746,1692,1500
1746,1689,1500
1746,1687,1500
1746,1685,1500
1746,1682,1500
1745,1680,1500
1745,1677,1500
1745,1675,1500
1745,1673,1500
1745,1670,1500
1744,1668,1500
1744,1665,1500
1744,1663,1500
1743,1661,1500
1743,1658,1500
1743,1656,1500
1740,1656,1500
1737,1657,1500
1734,1657,1500
1731,1657,1500
1728,1658,1500
1725,1658,1500
1722,1658,1500
1719,1659,1500
1716,1659,1500
1713,1660,1500
1710,1660,1500
1707,1661,1500
1705,1661,1500
1702,1662,1500
1699,1662,1500
1696,1663,1500
1693,1664,1500
1690,1664,1500
1687,1665,1500
1684,1665,1500
1681,1666,1500
1678,1667,1500
1675,1668,1500
1672,1668,1500
1669,1669,1500
1666,1670,1500
1663,1671,1500
1660,1671,1500
1657,1672,1500
1654,1673,1500
1651,1674,1500
1648,1675,1500
1645,1676,1500
1642,1677,1500
1639,1678,1500
1635,1679,1500
1632,1680,1500
1629,1681,1500
1626,1682,1500
1623,1683,1500
1620,1684,1500
1617,1685,1500
1614,1687,1500
1611,1688,1500
1608,1689,1500
1604,1690,1500
1601,1691,1500
1598,1693,1500
1595,1694,1500
1592,1695,1000
1592,1693,1000
1593,1691,1000
1593,1689,1000
1594,1686,1000
1594,1684,1000
1594,1682,1000
1595,1680,1000
1595,1677,1000
1596,1675,1000
1596,1673,1000
1597,1671,1000
1597,1668,1000
1597,1666,1000
1598,1664,1000
1598,1662,1000
1598,1660,1000
1599,1657,1000
1599,1655,1000
1599,1653,1000
1600,1651,1000
1600,1649,1000
1600,1647,1000
1601,1645,1000
1601,1642,1000
1601,1640,1000
1602,1638,1000
1602,1636,1000
1602,1634,1000
1602,1632,1000
1603,1630,1000
1603,1628,1000
1603,1625,1000
1603,1623,1000
1604,1621,1000
1604,1619,1000
1604,1617,1000
1604,1615,1000
1604,1613,1000
1605,1611,1000
1605,1609,1000
1605,1607,1000
1605,1605,1000
1605,1603,1000
1605,1601,1000
1606,1599,1000
1606,1597,1000
1606,1595,1000
1606,1593,1000
1606,1591,1000
1606,1589,1500
1604,1588,1500
1602,1588,1500
1600,1587,1500
1598,1587,1500
1596,1587,1500
1594,1586,1500
1592,1586,1500
1590,1586,1500
1588,1586,1500
1586,1585,1500
1584,1585,1500
1582,1585,1500
1580,1584,1500
1577,1584,1500
1575,1584,1500
1573,1584,1500
1571,1583,1500
1569,1583,1500
1567,1583,1500
1565,1583,1500
1563,1582,1500
1561,1582,1500
1559,1582,1500
1557,1582,1500
1555,1582,1500
1553,1581,1500
1551,1581,1500
1549,1581,1500
1546,1581,1500
1544,1581,1500
1542,1580,1500
1540,1580,1500
1538,1580,1500
1536,1580,1500
1534,1580,1500
1532,1580,1500
1530,1580,1500
1528,1580,1500
1526,1579,1500
1523,1579,1500
1521,1579,1500
1519,1579,1500
1517,1579,1500
1515,1579,1500
1513,1579,1500
1511,1579,1500
1509,1579,1500
1507,1579,1500
1504,1579,1500
1502,1579,1500
1507,1579,1500
1511,1579,1500
1515,1579,1500
1519,1579,1500
1523,1579,1500
1528,1580,1500
1532,1580,1500
1536,1580,1500
1540,1580,1500
1544,1581,1500
1549,1581,1500
1553,1581,1500
1557,1582,1500
1561,1582,1500
1565,1583,1500
1569,1583,1500
1573,1584,1500
1577,1584,1500
1582,1585,1500
1586,1585,1500
1590,1586,1500
1594,1586,1500
1598,1587,1500
1602,1588,1500
1606,1589,1500
1610,1589,1500
1614,1590,1500
1618,1591,1500
1623,1592,1500
1627,1593,1500
1631,1593,1500
1635,1594,1500
1639,1595,1500
1643,1596,1500
1647,1597,1500
1651,1598,1500
1655,1599,1500
1659,1600,1500
1663,1601,1500
1667,1602,1500
1672,1603,1500
1676,1605,1500
1680,1606,1500
1684,1607,1500
1688,1608,1500
1692,1609,1500
1696,1611,1500
1700,1612,1500
1704,1613,1500
1708,1615,1500
1704,1613,1500
1699,1611,1500
1695,1609,1500
1690,1607,1500
1686,1605,1500
1681,1603,1500
1677,1601,1500
1672,1599,1500
1668,1598,1500
1663,1596,1500
1659,1594,1500
1654,1592,1500
1650,1591,1500
1645,1589,1500
1640,1587,1500
1636,1586,1500
1631,1584,1500
1627,1583,1500
1622,1581,1500
1618,1580,1500
1613,1578,1500
1609,1577,1500
1604,1575,1500
1600,1574,1500
1595,1573,1500
1591,1571,1500
1586,1570,1500
1582,1569,1500
1577,1568,1500
1573,1566,1500
1568,1565,1500
1564,1564,1500
1559,1563,1500
1554,1562,1500
1550,1561,1500
1545,1560,1500
1541,1559,1500
1536,1558,1500
1532,1557,1500
1527,1556,1500
1522,1555,1500
1518,1554,1500
1513,1554,1500
1508,1553,1500
1504,1552,1500
1499,1551,1500
1495,1551,1500
1490,1550,1500
1485,1550,1500
1481,1549,1000
1482,1547,1000
1484,1545,1000
1486,1543,1000
1488,1542,1000
1490,1540,1000
1492,1538,1000
1494,1536,1000
1495,1535,1000
1497,1533,1000
1499,1531,1000
1501,1529,1000
1503,1528,1000
1504,1526,1000
1506,1524,1000
1508,1523,1000
1510,1521,1000
1511,1519,1000
1513,1518,1000
1515,1516,1000
1516,1514,1000
1518,1513,1000
1520,1511,1000
1521,1510,1000
1523,1508,1000
1525,1506,1000
1526,1505,1000
1528,1503,1000
1530,1502,1000
1531,1500,1000
1533,1499,1000
1535,1497,1000
1536,1496,1000
1538,1494,1000
1539,1493,1000
1541,1491,1000
1543,1490,1000
1544,1488,1000
1546,1487,1000
1547,1485,1000
1549,1484,1000
1550,1483,1000
1552,1481,1000
1553,1480,1000
1555,1478,1000
1556,1477,1000
1558,1476,1000
1559,1474,1000
1561,1473,1000
1562,1471,1000
1564,1470,1500
1562,1471,1500
1561,1473,1500
1559,1474,1500
1558,1475,1500
1557,1477,1500
1555,1478,1500
1554,1479,1500
1552,1481,1500
1551,1482,1500
1549,1484,1500
1548,1485,1500
1546,1486,1500
1545,1488,1500
1543,1489,1500
1542,1491,1500
1540,1492,1500
1539,1493,1500
1537,1495,1500
1535,1496,1500
1534,1498,1500
1532,1499,1500
1531,1501,1500
1529,1502,1500
1528,1504,1500
1526,1505,1500
1524,1507,1500
1523,1508,1500
1521,1510,1500
1520,1511,1500
1518,1513,1500
1516,1514,1500
1515,1516,1500
1513,1518,1500
1511,1519,1500
1510,1521,1500
1508,1522,1500
1506,1524,1500
1505,1526,1500
1503,1527,1500
1501,1529,1500
1499,1531,1500
1498,1532,1500
1496,1534,1500
1494,1536,1500
1492,1538,1500
1491,1539,1500
1489,1541,1500
1487,1543,1500
1485,1544,1500
1483,1546,1000
1484,1543,1000
1484,1540,1000
1484,1537,1000
1485,1534,1000
1485,1531,1000
1485,1528,1000
1486,1525,1000
1486,1522,1000
1486,1519,1000
1486,1516,1000
1486,1513,1000
1487,1510,1000
1487,1507,1000
1487,1504,1000
1487,1501,1000
1487,1498,1000
1487,1495,1000
1487,1492,1000
1488,1489,1000
1488,1486,1000
1488,1483,1000
1488,1480,1000
1488,1477,1000
1488,1474,1000
1488,1471,1000
1488,1468,1000
1488,1465,1000
1488,1462,1000
1487,1459,1000
1487,1456,1000
1487,1454,1000
1487,1451,1000
1487,1448,1000
1487,1445,1000
1487,1442,1000
1487,1439,1000
1486,1436,1000
1486,1433,1000
1486,1430,1000
1486,1427,1000
1485,1425,1000
1485,1422,1000
1485,1419,1000
1485,1416,1000
1484,1413,1000
1484,1410,1000
1484,1407,1000
1483,1404,1000
1483,1401,1000
1483,1399,1500
1481,1400,1500
1480,1401,1500
1479,1403,1500
1478,1404,1500
1477,1406,1500
1476,1407,1500
1475,1409,1500
1474,1410,1500
1473,1412,1500
1471,1413,1500
1470,1415,1500
1469,1416,1500
1468,1418,1500
1467,1419,1500
1466,1421,1500
1464,1422,1500
1463,1424,1500
1462,1425,1500
1461,1427,1500
1459,1428,1500
1458,1430,1500
1457,1431,1500
1456,1433,1500
1454,1434,1500
1453,1436,1500
1452,1438,1500
1451,1439,1500
1449,1441,1500
1448,1442,1500
1447,1444,1500
1445,1446,1500
1444,1447,1500
1443,1449,1500
1441,1450,1500
1440,1452,1500
1439,1454,1500
1437,1455,1500
1436,1457,1500
1435,1459,1500
1433,1460,1500
1432,1462,1500
1430,1464,1500
1429,1465,1500
1428,1467,1500
1426,1469,1500
1425,1471,1500
1423,1472,1500
1422,1474,1500
1420,1476,1500
1419,1477,1500
1417,1475,1500
1415,1473,1500
1412,1471,1500
1410,1469,1500
1408,1467,1500
1406,1465,1500
1404,1463,1500
1402,1461,1500
1399,1459,1500
1397,1457,1500
1395,1455,1500
1393,1453,1500
1391,1451,1500
1389,1449,1500
1386,1447,1500
1384,1445,1500
1382,1443,1500
1380,1442,1500
1377,1440,1500
1375,1438,1500
1373,1436,1500
1371,1434,1500
1369,1432,1500
1366,1430,1500
1364,1428,1500
1362,1426,1500
1360,1424,1500
1357,1422,1500
1355,1420,1500
1353,1419,1500
1350,1417,1500
1348,1415,1500
1346,1413,1500
1344,1411,1500
1341,1409,1500
1339,1407,1500
1337,1406,1500
1334,1404,1500
1332,1402,1500
1330,1400,1500
1327,1398,1500
1325,1397,1500
1323,1395,1500
1320,1393,1500
1318,1391,1500
1316,1389,1500
1313,1388,1500
1311,1386,1500
1309,1384,1500
1306,1382,1000
1308,1383,1000
1309,1384,1000
1311,1385,1000
1312,1386,1000
1314,1387,1000
1315,1389,1000
1317,1390,1000
1318,1391,1000
1320,1392,1000
1321,1393,1000
1322,1394,1000
1324,1395,1000
1325,1396,1000
1327,1397,1000
1328,1398,1000
1330,1399,1000
1331,1400,1000
1333,1401,1000
1334,1402,1000
1335,1403,1000
1337,1405,1000
1338,1406,1000
1340,1407,1000
1341,1408,1000
1343,1409,1000
1344,1410,1000
1346,1411,1000
1347,1412,1000
1348,1413,1000
1350,1414,1000
1351,1415,1000
1353,1417,1000
1354,1418,1000
1356,1419,1000
1357,1420,1000
1358,1421,1000
1360,1422,1000
1361,1423,1000
1363,1424,1000
1364,1426,1000
1365,1427,1000
1367,1428,1000
1368,1429,1000
1370,1430,1000
1371,1431,1000
1372,1432,1000
1374,1434,1000
1375,1435,1000
1377,1436,1000
1378,1437,1500
1380,1435,1500
1381,1433,1500
1382,1432,1500
1384,1430,1500
1385,1428,1500
1387,1427,1500
1388,1425,1500
1390,1423,1500
1391,1421,1500
1392,1420,1500
1394,1418,1500
1395,1416,1500
1397,1415,1500
1398,1413,1500
1399,1411,1500
1401,1410,1500
1402,1408,1500
1403,1406,1500
1405,1405,1500
1406,1403,1500
1407,1402,1500
1408,1400,1500
1410,1398,1500
1411,1397,1500
1412,1395,1500
1414,1394,1500
1415,1392,1500
1416,1391,1500
1417,1389,1500
1418,1387,1500
1420,1386,1500
1421,1384,1500
1422,1383,1500
1423,1381,1500
1424,1380,1500
1426,1378,1500
1427,1377,1500
1428,1375,1500
1429,1374,1500
1430,1372,1500
1431,1371,1500
1432,1369,1500
1434,1368,1500
1435,1366,1500
1436,1365,1500
1437,1363,1500
1438,1362,1500
1439,1360,1500
1440,1359,1500
1441,1357,1500
1440,1356,1500
1438,1355,1500
1437,1353,1500
1435,1352,1500
1434,1351,1500
1432,1350,1500
1431,1348,1500
1429,1347,1500
1428,1346,1500
1426,1344,1500
1425,1343,1500
1423,1342,1500
1422,1341,1500
1420,1339,1500
1419,1338,1500
1417,1337,1500
1416,1336,1500
1414,1334,1500
1413,1333,1500
1411,1332,1500
1410,1331,1500
1408,1329,1500
1407,1328,1500
1405,1327,1500
1404,1326,1500
1402,1324,1500
1401,1323,1500
1399,1322,1500
1398,1321,1500
1396,1319,1500
1395,1318,1500
1393,1317,1500
1392,1316,1500
1390,1315,1500
1389,1313,1500
1387,1312,1500
1386,1311,1500
1384,1310,1500
1383,1308,1500
1381,1307,1500
1380,1306,1500
1378,1305,1500
1377,1304,1500
1375,1302,1500
1374,1301,1500
1372,1300,1500
1371,1299,1500
1369,1298,1500
1368,1297,1500
1366,1295,1500
1367,1297,1500
1368,1299,1500
1369,1301,1500
1370,1303,1500
1371,1305,1500
1372,1307,1500
1373,1309,1500
1374,1311,1500
1376,1313,1500
1377,1315,1500
1378,1317,1500
1379,1319,1500
1380,1321,1500
1381,1322,1500
1382,1324,1500
1383,1326,1500
1384,1328,1500
1385,1330,1500
1386,1332,1500
1387,1334,1500
1388,1336,1500
1389,1338,1500
1390,1340,1500
1391,1342,1500
1392,1344,1500
1393,1346,1500
1394,1348,1500
1394,1350,1500
1395,1352,1500
1396,1354,1500
1397,1356,1500
1398,1357,1500
1399,1359,1500
1400,1361,1500
1401,1363,1500
1402,1365,1500
1403,1367,1500
1404,1369,1500
1405,1371,1500
1406,1373,1500
1406,1375,1500
1407,1377,1500
1408,1379,1500
1409,1381,1500
1410,1383,1500
1411,1385,1500
1412,1387,1500
1413,1389,1500
1413,1391,1500
1414,1393,1000
1413,1391,1000
1411,1390,1000
1410,1389,1000
1409,1388,1000
1407,1387,1000
1406,1385,1000
1404,1384,1000
1403,1383,1000
1401,1382,1000
1400,1380,1000
1399,1379,1000
1397,1378,1000
1396,1377,1000
1394,1376,1000
1393,1375,1000
1391,1373,1000
1390,1372,1000
1388,1371,1000
1387,1370,1000
1385,1369,1000
1384,1367,1000
1383,1366,1000
1381,1365,1000
1380,1364,1000
1378,1363,1000
1377,1362,1000
1375,1360,1000
1374,1359,1000
1372,1358,1000
1371,1357,1000
1369,1356,1000
1368,1355,1000
1366,1353,1000
1365,1352,1000
1363,1351,1000
1362,1350,1000
1360,1349,1000
1359,1348,1000
1358,1347,1000
1356,1345,1000
1355,1344,1000
1353,1343,1000
1352,1342,1000
1350,1341,1000
1349,1340,1000
1347,1339,1000
1346,1338,1000
1344,1337,1000
1343,1335,1000
1341,1334,1500
1340,1332,1500
1339,1330,1500
1339,1328,1500
1338,1326,1500
1337,1324,1500
1336,1322,1500
1335,1320,1500
1334,1318,1500
1333,1316,1500
1332,1314,1500
1331,1312,1500
1330,1310,1500
1329,1308,1500
1328,1306,1500
1327,1304,1500
1327,1302,1500
1326,1300,1500
1325,1298,1500
1324,1296,1500
1323,1294,1500
1322,1292,1500
1321,1290,1500
1320,1288,1500
1319,1286,1500
1318,1284,1500
1317,1282,1500
1316,1280,1500
1315,1278,1500
1314,1276,1500
1313,1274,1500
1312,1272,1500
1311,1270,1500
1310,1268,1500
1309,1266,1500
1308,1264,1500
1306,1262,1500
1305,1260,1500
1304,1258,1500
1303,1256,1500
1302,1254,1500
1301,1252,1500
1300,1250,1500
1299,1248,1500
1298,1246,1500
1297,1244,1500
1296,1242,1500
1295,1240,1500
1294,1238,1500
1292,1236,1500
1291,1234,1000
1290,1235,1000
1289,1237,1000
1289,1239,1000
1288,1241,1000
1287,1243,1000
1286,1245,1000
1285,1247,1000
1284,1248,1000
1283,1250,1000
1282,1252,1000
1281,1254,1000
1280,1256,1000
1279,1258,1000
1278,1260,1000
1277,1262,1000
1276,1263,1000
1274,1265,1000
1273,1267,1000
1272,1269,1000
1271,1271,1000
1270,1273,1000
1269,1275,1000
1268,1277,1000
1267,1279,1000
1265,1281,1000
1264,1283,1000
1263,1284,1000
1262,1286,1000
1261,1288,1000
1259,1290,1000
1258,1292,1000
1257,1294,1000
1256,1296,1000
1254,1298,1000
1253,1300,1000
1252,1302,1000
1251,1304,1000
1249,1306,1000
1248,1308,1000
1246,1310,1000
1245,1312,1000
1244,1314,1000
1242,1316,1000
1241,1318,1000
1239,1320,1000
1238,1322,1000
1237,1324,1000
1235,1326,1000
1234,1328,1000
1232,1331,1500
1233,1331,1500
1234,1332,1500
1235,1332,1500
1236,1333,1500
1237,1333,1500
1238,1334,1500
1239,1334,1500
1240,1335,1500
1241,1335,1500
1241,1336,1500
1242,1336,1500
1243,1337,1500
1244,1338,1500
1245,1338,1500
1246,1339,1500
1247,1339,1500
1248,1340,1500
1249,1340,1500
1250,1341,1500
1251,1341,1500
1252,1342,1500
1253,1343,1500
1253,1343,1500
1254,1344,1500
1255,1344,1500
1256,1345,1500
1257,1345,1500
1258,1346,1500
1259,1346,1500
1260,1347,1500
1261,1348,1500
1262,1348,1500
1263,1349,1500
1264,1349,1500
1264,1350,1500
1265,1350,1500
1266,1351,1500
1267,1352,1500
1268,1352,1500
1269,1353,1500
1270,1353,1500
1271,1354,1500
1272,1354,1500
1273,1355,1500
1273,1356,1500
1274,1356,1500
1275,1357,1500
1276,1357,1500
1277,1358,1500
1278,1358,1500
1276,1357,1500
1274,1356,1500
1272,1354,1500
1270,1353,1500
1268,1352,1500
1265,1350,1500
1263,1349,1500
1261,1348,1500
1259,1347,1500
1257,1345,1500
1255,1344,1500
1253,1343,1500
1251,1341,1500
1249,1340,1500
1246,1339,1500
1244,1338,1500
1242,1336,1500
1240,1335,1500
1238,1334,1500
1236,1333,1500
1234,1331,1500
1231,1330,1500
1229,1329,1500
1227,1328,1500
1225,1326,1500
1223,1325,1500
1221,1324,1500
1218,1323,1500
1216,1322,1500
1214,1320,1500
1212,1319,1500
1210,1318,1500
1207,1317,1500
1205,1316,1500
1203,1315,1500
1201,1313,1500
1198,1312,1500
1196,1311,1500
1194,1310,1500
1192,1309,1500
1189,1308,1500
1187,1307,1500
1185,1305,1500
1183,1304,1500
1180,1303,1500
1178,1302,1500
1176,1301,1500
1173,1300,1500
1171,1299,1500
